,Time,event,Ask Price 1,Bid Price 1,Ask Price 2,Bid Price 2,BidDiff,AskDiff,BidDiff2,AskDiff2,Date
0,0.05896678798105902,lo_inspread_Ask,45.01,44.97,45.02,44.96,,,,,8
1,0.05903159981723714,lo_inspread_Ask,45.0,44.97,45.01,44.96,0.0,-0.00999999999999801,0.0,-0.010000000000005116,8
2,0.05908613056771695,lo_inspread_Ask,44.99,44.97,45.0,44.96,0.0,-0.00999999999999801,0.0,-0.00999999999999801,8
3,0.059143039629134156,lo_inspread_Ask,44.98,44.97,44.99,44.96,0.0,-0.010000000000005116,0.0,-0.00999999999999801,8
4,0.05928756090370083,co_deep_Ask,44.98,44.97,45.0,44.96,0.0,0.0,0.0,0.00999999999999801,8
5,0.06740225910398633,co_top_Ask,45.0,44.97,45.01,44.96,0.0,0.020000000000003126,0.0,0.00999999999999801,8
6,0.069333898318175,lo_inspread_Ask,44.99,44.97,45.0,44.96,0.0,-0.00999999999999801,0.0,-0.00999999999999801,8
7,0.06935053268666962,co_top_Ask,45.0,44.97,45.01,44.96,0.0,0.00999999999999801,0.0,0.00999999999999801,8
8,0.06975923391047557,lo_inspread_Ask,44.99,44.97,45.0,44.96,0.0,-0.00999999999999801,0.0,-0.00999999999999801,8
9,0.06985211518242414,lo_inspread_Ask,44.98,44.97,44.99,44.96,0.0,-0.010000000000005116,0.0,-0.00999999999999801,8
10,0.08508358433038853,co_top_Ask,44.99,44.97,45.0,44.96,0.0,0.010000000000005116,0.0,0.00999999999999801,8
11,0.08539100151280603,co_top_Ask,45.0,44.97,45.01,44.96,0.0,0.00999999999999801,0.0,0.00999999999999801,8
12,0.09125074994413242,co_top_Bid,45.0,44.97,45.01,44.96,0.0,0.0,0.0,0.0,8
13,0.09129953515252485,co_top_Bid,45.0,44.97,45.01,44.96,0.0,0.0,0.0,0.0,8
14,0.09162857581141778,co_top_Ask,45.0,44.97,45.01,44.96,0.0,0.0,0.0,0.0,8
15,0.0933818509035559,co_top_Ask,45.0,44.97,45.01,44.96,0.0,0.0,0.0,0.0,8
16,0.09448956881614859,lo_inspread_Ask,44.99,44.97,45.0,44.96,0.0,-0.00999999999999801,0.0,-0.00999999999999801,8
17,0.09450699834493193,mo_Ask,44.99,44.97,45.0,44.96,0.0,0.0,0.0,0.0,8
18,0.0946375973027588,mo_Ask,44.99,44.97,45.0,44.96,0.0,0.0,0.0,0.0,8
19,0.09465220796448227,lo_inspread_Ask,44.98,44.97,44.99,44.96,0.0,-0.010000000000005116,0.0,-0.00999999999999801,8
20,0.1019651413358552,mo_Ask,44.98,44.97,44.99,44.96,0.0,0.0,0.0,0.0,8
21,9.28992357076373,mo_Bid,44.98,44.97,44.99,44.96,0.0,0.0,0.0,0.0,8
22,9.289985459920269,mo_Bid,44.98,44.96,44.99,44.95,-0.00999999999999801,0.0,-0.00999999999999801,0.0,8
23,9.290024624328833,mo_Bid,44.98,44.95,44.99,44.94,-0.00999999999999801,0.0,-0.010000000000005116,0.0,8
24,9.290612271743155,lo_top_Bid,44.98,44.95,44.99,44.94,0.0,0.0,0.0,0.0,8
25,9.291017762740646,lo_inspread_Bid,44.98,44.96,44.99,44.95,0.00999999999999801,0.0,0.010000000000005116,0.0,8
26,9.305034131247142,lo_inspread_Ask,44.97,44.96,44.98,44.95,0.0,-0.00999999999999801,0.0,-0.010000000000005116,8
27,10.058972897464887,co_deep_Bid,44.97,44.96,44.98,44.95,0.0,0.0,0.0,0.0,8
28,10.062231700500766,co_deep_Bid,44.97,44.96,44.98,44.95,0.0,0.0,0.0,0.0,8
29,11.364238946369374,lo_deep_Bid,44.97,44.96,44.98,44.95,0.0,0.0,0.0,0.0,8
30,25.597582595849772,co_top_Bid,44.97,44.95,44.98,44.94,-0.00999999999999801,0.0,-0.010000000000005116,0.0,8
31,25.59773167918713,co_top_Bid,44.97,44.95,44.98,44.94,0.0,0.0,0.0,0.0,8
32,25.59819466658787,co_top_Bid,44.97,44.95,44.98,44.94,0.0,0.0,0.0,0.0,8
33,25.598842909499854,mo_Bid,44.97,44.95,44.98,44.94,0.0,0.0,0.0,0.0,8
34,25.598872714317334,mo_Bid,44.97,44.95,44.98,44.94,0.0,0.0,0.0,0.0,8
35,25.599230266946872,mo_Bid,44.97,44.95,44.98,44.94,0.0,0.0,0.0,0.0,8
36,25.599266398026394,mo_Bid,44.97,44.95,44.98,44.94,0.0,0.0,0.0,0.0,8
37,25.601594605923985,mo_Bid,44.97,44.95,44.98,44.94,0.0,0.0,0.0,0.0,8
38,25.886705727028616,lo_inspread_Ask,44.96,44.95,44.97,44.94,0.0,-0.00999999999999801,0.0,-0.00999999999999801,8
39,29.449039839221555,lo_top_Bid,44.96,44.95,44.97,44.94,0.0,0.0,0.0,0.0,8
40,29.684311584831917,lo_top_Ask,44.96,44.95,44.97,44.94,0.0,0.0,0.0,0.0,8
41,30.72885968961971,mo_Bid,44.96,44.95,44.97,44.94,0.0,0.0,0.0,0.0,8
42,31.658793616843358,lo_deep_Bid,44.96,44.95,44.97,44.94,0.0,0.0,0.0,0.0,8
43,32.743936251554985,lo_deep_Bid,44.96,44.95,44.97,44.94,0.0,0.0,0.0,0.0,8
44,33.740277444172705,lo_top_Bid,44.96,44.95,44.97,44.94,0.0,0.0,0.0,0.0,8
45,33.741076886374394,co_top_Bid,44.96,44.95,44.97,44.94,0.0,0.0,0.0,0.0,8
46,33.74133760657361,co_top_Bid,44.96,44.95,44.97,44.94,0.0,0.0,0.0,0.0,8
47,34.316910685880465,lo_top_Ask,44.96,44.95,44.97,44.94,0.0,0.0,0.0,0.0,8
48,34.43596134074768,co_deep_Bid,44.96,44.95,44.97,44.94,0.0,0.0,0.0,0.0,8
49,34.43597452385123,co_deep_Bid,44.96,44.95,44.97,44.94,0.0,0.0,0.0,0.0,8
50,34.436133232737625,co_deep_Bid,44.96,44.95,44.97,44.94,0.0,0.0,0.0,0.0,8
51,34.43907026550576,lo_deep_Bid,44.96,44.95,44.97,44.94,0.0,0.0,0.0,0.0,8
52,34.43947794353611,lo_top_Bid,44.96,44.95,44.97,44.94,0.0,0.0,0.0,0.0,8
53,34.43951941151267,co_deep_Bid,44.96,44.95,44.97,44.94,0.0,0.0,0.0,0.0,8
54,34.439575977796686,co_top_Bid,44.96,44.95,44.97,44.94,0.0,0.0,0.0,0.0,8
55,34.43961537655736,co_top_Bid,44.96,44.94,44.97,44.93,-0.010000000000005116,0.0,-0.00999999999999801,0.0,8
56,34.43978510068502,co_deep_Bid,44.96,44.94,44.97,44.93,0.0,0.0,0.0,0.0,8
57,34.4398036240412,lo_deep_Bid,44.96,44.94,44.97,44.93,0.0,0.0,0.0,0.0,8
58,34.43980712838801,lo_top_Bid,44.96,44.94,44.97,44.93,0.0,0.0,0.0,0.0,8
59,34.439868354944856,co_deep_Bid,44.96,44.94,44.97,44.93,0.0,0.0,0.0,0.0,8
60,34.439895090513275,lo_top_Bid,44.96,44.94,44.97,44.93,0.0,0.0,0.0,0.0,8
61,34.439985002807724,lo_deep_Bid,44.96,44.94,44.97,44.93,0.0,0.0,0.0,0.0,8
62,34.440073511412294,lo_top_Bid,44.96,44.94,44.97,44.93,0.0,0.0,0.0,0.0,8
63,34.44009474242745,lo_top_Bid,44.96,44.94,44.97,44.93,0.0,0.0,0.0,0.0,8
64,34.44018214581904,lo_top_Bid,44.96,44.94,44.97,44.93,0.0,0.0,0.0,0.0,8
65,34.441087069314236,lo_deep_Bid,44.96,44.94,44.97,44.93,0.0,0.0,0.0,0.0,8
66,34.441112570413445,lo_deep_Bid,44.96,44.94,44.97,44.93,0.0,0.0,0.0,0.0,8
67,34.44130989616353,lo_top_Bid,44.96,44.94,44.97,44.93,0.0,0.0,0.0,0.0,8
68,34.441424123832476,co_deep_Bid,44.96,44.94,44.97,44.93,0.0,0.0,0.0,0.0,8
69,34.44165647230415,lo_top_Bid,44.96,44.94,44.97,44.93,0.0,0.0,0.0,0.0,8
70,34.4445917210183,lo_top_Bid,44.96,44.94,44.97,44.93,0.0,0.0,0.0,0.0,8
71,34.44894754050012,co_top_Bid,44.96,44.94,44.97,44.93,0.0,0.0,0.0,0.0,8
72,35.440452417562646,lo_deep_Bid,44.96,44.94,44.97,44.93,0.0,0.0,0.0,0.0,8
73,35.44045283713951,lo_deep_Bid,44.96,44.94,44.97,44.93,0.0,0.0,0.0,0.0,8
74,37.72166660267839,lo_deep_Ask,44.96,44.94,44.97,44.93,0.0,0.0,0.0,0.0,8
75,37.729283075303364,co_deep_Ask,44.96,44.94,44.97,44.93,0.0,0.0,0.0,0.0,8
76,37.729373826520344,co_top_Ask,44.96,44.94,44.97,44.93,0.0,0.0,0.0,0.0,8
77,40.80538454885574,lo_inspread_Ask,44.95,44.94,44.96,44.93,0.0,-0.00999999999999801,0.0,-0.00999999999999801,8
78,43.2289263449658,co_top_Bid,44.95,44.94,44.96,44.93,0.0,0.0,0.0,0.0,8
79,43.22902167617987,lo_top_Bid,44.95,44.94,44.96,44.93,0.0,0.0,0.0,0.0,8
80,43.229144986879156,co_top_Bid,44.95,44.94,44.96,44.93,0.0,0.0,0.0,0.0,8
81,43.22916316455358,co_top_Bid,44.95,44.94,44.96,44.93,0.0,0.0,0.0,0.0,8
82,43.22934130510486,co_top_Bid,44.95,44.94,44.96,44.93,0.0,0.0,0.0,0.0,8
83,43.230379953070894,mo_Bid,44.95,44.94,44.96,44.93,0.0,0.0,0.0,0.0,8
84,43.23040600301266,mo_Bid,44.95,44.94,44.96,44.93,0.0,0.0,0.0,0.0,8
85,43.23233144044946,mo_Bid,44.95,44.94,44.96,44.93,0.0,0.0,0.0,0.0,8
86,48.18031726973343,co_deep_Bid,44.95,44.94,44.96,44.93,0.0,0.0,0.0,0.0,8
87,48.180393802505435,co_deep_Bid,44.95,44.94,44.96,44.93,0.0,0.0,0.0,0.0,8
88,48.180439252756905,lo_deep_Bid,44.95,44.94,44.96,44.93,0.0,0.0,0.0,0.0,8
89,50.15374859742737,lo_top_Ask,44.95,44.94,44.96,44.93,0.0,0.0,0.0,0.0,8
90,50.15375858018421,lo_top_Ask,44.95,44.94,44.96,44.93,0.0,0.0,0.0,0.0,8
91,50.153764460419445,co_deep_Ask,44.95,44.94,44.96,44.93,0.0,0.0,0.0,0.0,8
92,50.15617002565138,co_deep_Ask,44.95,44.94,44.97,44.93,0.0,0.0,0.0,0.00999999999999801,8
93,53.04109964275832,lo_deep_Bid,44.95,44.94,44.97,44.93,0.0,0.0,0.0,0.0,8
94,53.047960487207185,lo_deep_Bid,44.95,44.94,44.97,44.93,0.0,0.0,0.0,0.0,8
95,53.5726072372139,co_deep_Ask,44.95,44.94,44.97,44.93,0.0,0.0,0.0,0.0,8
96,55.346158681016405,mo_Ask,44.95,44.94,44.97,44.93,0.0,0.0,0.0,0.0,8
97,55.346986039748444,mo_Ask,44.95,44.94,44.97,44.93,0.0,0.0,0.0,0.0,8
98,55.347184804163305,mo_Ask,44.95,44.94,44.97,44.93,0.0,0.0,0.0,0.0,8
99,56.681510137326484,co_top_Bid,44.95,44.94,44.97,44.93,0.0,0.0,0.0,0.0,8
100,57.553780258702645,mo_Bid,44.95,44.94,44.97,44.93,0.0,0.0,0.0,0.0,8
101,60.22729776850068,lo_deep_Bid,44.95,44.94,44.97,44.93,0.0,0.0,0.0,0.0,8
102,60.22740080335095,lo_deep_Bid,44.95,44.94,44.97,44.93,0.0,0.0,0.0,0.0,8
103,60.657903217541694,co_top_Ask,44.97,44.94,44.98,44.93,0.0,0.01999999999999602,0.0,0.00999999999999801,8
104,60.66070443065938,co_top_Ask,44.97,44.94,44.98,44.93,0.0,0.0,0.0,0.0,8
105,60.6615063199746,co_top_Ask,44.97,44.94,44.98,44.93,0.0,0.0,0.0,0.0,8
106,60.920797305340244,co_top_Bid,44.97,44.93,44.98,44.92,-0.00999999999999801,0.0,-0.00999999999999801,0.0,8
107,60.920921866109886,co_top_Bid,44.97,44.93,44.98,44.92,0.0,0.0,0.0,0.0,8
108,60.92093966992733,mo_Bid,44.97,44.93,44.98,44.92,0.0,0.0,0.0,0.0,8
109,60.92094236801314,lo_inspread_Bid,44.97,44.94,44.98,44.93,0.00999999999999801,0.0,0.00999999999999801,0.0,8
110,60.92099875326425,lo_inspread_Bid,44.97,44.95,44.98,44.94,0.010000000000005116,0.0,0.00999999999999801,0.0,8
111,60.92117424380209,lo_top_Ask,44.97,44.95,44.98,44.94,0.0,0.0,0.0,0.0,8
112,60.92205397138445,co_deep_Ask,44.97,44.95,44.98,44.94,0.0,0.0,0.0,0.0,8
113,60.92211815898441,co_top_Bid,44.97,44.94,44.98,44.93,-0.010000000000005116,0.0,-0.00999999999999801,0.0,8
114,60.922176947260574,lo_deep_Ask,44.97,44.94,44.98,44.93,0.0,0.0,0.0,0.0,8
115,60.922300700172094,lo_deep_Ask,44.97,44.94,44.98,44.93,0.0,0.0,0.0,0.0,8
116,60.922387662124585,co_deep_Ask,44.97,44.94,44.98,44.93,0.0,0.0,0.0,0.0,8
117,60.923288239795255,co_top_Bid,44.97,44.93,44.98,44.92,-0.00999999999999801,0.0,-0.00999999999999801,0.0,8
118,60.923417622810184,co_top_Bid,44.97,44.93,44.98,44.92,0.0,0.0,0.0,0.0,8
119,60.92351434974006,mo_Bid,44.97,44.93,44.98,44.92,0.0,0.0,0.0,0.0,8
120,60.92351927409307,lo_inspread_Bid,44.97,44.94,44.98,44.93,0.00999999999999801,0.0,0.00999999999999801,0.0,8
121,60.92353068816976,mo_Bid,44.97,44.94,44.98,44.93,0.0,0.0,0.0,0.0,8
122,60.92353274916661,lo_inspread_Bid,44.97,44.95,44.98,44.94,0.010000000000005116,0.0,0.00999999999999801,0.0,8
123,60.923533306573354,lo_inspread_Bid,44.97,44.96,44.98,44.95,0.00999999999999801,0.0,0.010000000000005116,0.0,8
124,60.923578597404465,mo_Bid,44.97,44.95,44.98,44.94,-0.00999999999999801,0.0,-0.010000000000005116,0.0,8
125,60.92360147310662,lo_inspread_Bid,44.97,44.96,44.98,44.95,0.00999999999999801,0.0,0.010000000000005116,0.0,8
126,60.92366846226368,lo_top_Ask,44.97,44.96,44.98,44.95,0.0,0.0,0.0,0.0,8
127,60.923713221971774,co_top_Bid,44.97,44.95,44.98,44.94,-0.00999999999999801,0.0,-0.010000000000005116,0.0,8
128,60.92379878194544,lo_top_Ask,44.97,44.95,44.98,44.94,0.0,0.0,0.0,0.0,8
129,60.92393040135451,mo_Bid,44.97,44.94,44.98,44.93,-0.010000000000005116,0.0,-0.00999999999999801,0.0,8
130,60.923968813030235,lo_inspread_Bid,44.97,44.95,44.98,44.94,0.010000000000005116,0.0,0.00999999999999801,0.0,8
131,60.9239803881706,lo_inspread_Bid,44.97,44.96,44.98,44.95,0.00999999999999801,0.0,0.010000000000005116,0.0,8
132,60.9240425633663,mo_Bid,44.97,44.95,44.98,44.94,-0.00999999999999801,0.0,-0.010000000000005116,0.0,8
133,60.924187848452604,lo_inspread_Bid,44.97,44.96,44.98,44.95,0.00999999999999801,0.0,0.010000000000005116,0.0,8
134,60.9251608118489,mo_Bid,44.97,44.95,44.98,44.94,-0.00999999999999801,0.0,-0.010000000000005116,0.0,8
135,60.925508893769916,mo_Bid,44.97,44.94,44.98,44.93,-0.010000000000005116,0.0,-0.00999999999999801,0.0,8
136,60.92594189806806,lo_inspread_Bid,44.97,44.95,44.98,44.94,0.010000000000005116,0.0,0.00999999999999801,0.0,8
137,60.926042722066335,lo_inspread_Bid,44.97,44.96,44.98,44.95,0.00999999999999801,0.0,0.010000000000005116,0.0,8
138,60.9265850362725,mo_Bid,44.97,44.95,44.98,44.94,-0.00999999999999801,0.0,-0.010000000000005116,0.0,8
139,60.92740134302338,lo_inspread_Bid,44.97,44.96,44.98,44.95,0.00999999999999801,0.0,0.010000000000005116,0.0,8
140,60.927827193311906,mo_Bid,44.97,44.96,44.98,44.95,0.0,0.0,0.0,0.0,8
141,60.92868633639535,mo_Bid,44.97,44.96,44.98,44.95,0.0,0.0,0.0,0.0,8
142,60.960364216354506,mo_Bid,44.97,44.96,44.98,44.95,0.0,0.0,0.0,0.0,8
143,60.96160794016352,mo_Bid,44.97,44.96,44.98,44.95,0.0,0.0,0.0,0.0,8
144,60.96163823823362,mo_Bid,44.97,44.96,44.98,44.95,0.0,0.0,0.0,0.0,8
145,60.96167614060553,mo_Bid,44.97,44.96,44.98,44.95,0.0,0.0,0.0,0.0,8
146,60.96169656135744,mo_Bid,44.97,44.96,44.98,44.95,0.0,0.0,0.0,0.0,8
147,60.961769975235505,lo_top_Bid,44.97,44.96,44.98,44.95,0.0,0.0,0.0,0.0,8
148,60.9617937651163,lo_top_Bid,44.97,44.96,44.98,44.95,0.0,0.0,0.0,0.0,8
149,60.962092293057765,lo_top_Bid,44.97,44.96,44.98,44.95,0.0,0.0,0.0,0.0,8
150,60.964393837411215,mo_Bid,44.97,44.96,44.98,44.95,0.0,0.0,0.0,0.0,8
151,60.96461163857306,mo_Bid,44.97,44.96,44.98,44.95,0.0,0.0,0.0,0.0,8
152,60.96463562908598,mo_Bid,44.97,44.96,44.98,44.95,0.0,0.0,0.0,0.0,8
153,60.96467050382851,mo_Bid,44.97,44.96,44.98,44.95,0.0,0.0,0.0,0.0,8
154,60.96483801762857,lo_top_Bid,44.97,44.96,44.98,44.95,0.0,0.0,0.0,0.0,8
155,60.96520624107057,lo_top_Bid,44.97,44.96,44.98,44.95,0.0,0.0,0.0,0.0,8
156,60.96554995003081,lo_top_Bid,44.97,44.96,44.98,44.95,0.0,0.0,0.0,0.0,8
157,60.96555485780754,lo_top_Bid,44.97,44.96,44.98,44.95,0.0,0.0,0.0,0.0,8
158,60.96555935157813,lo_top_Bid,44.97,44.96,44.98,44.95,0.0,0.0,0.0,0.0,8
159,60.96556674646293,co_deep_Bid,44.97,44.96,44.98,44.94,0.0,0.0,-0.010000000000005116,0.0,8
160,60.965657675347906,lo_top_Bid,44.97,44.96,44.98,44.94,0.0,0.0,0.0,0.0,8
161,60.96569451498113,co_deep_Bid,44.97,44.96,44.98,44.94,0.0,0.0,0.0,0.0,8
162,60.96571261277632,co_deep_Bid,44.97,44.96,44.98,44.94,0.0,0.0,0.0,0.0,8
163,60.965958810059284,lo_top_Bid,44.97,44.96,44.98,44.94,0.0,0.0,0.0,0.0,8
164,60.965982114863394,co_deep_Bid,44.97,44.96,44.98,44.94,0.0,0.0,0.0,0.0,8
165,60.9659878711565,co_top_Bid,44.97,44.96,44.98,44.94,0.0,0.0,0.0,0.0,8
166,60.966035467214034,lo_top_Bid,44.97,44.96,44.98,44.94,0.0,0.0,0.0,0.0,8
167,60.96611880576756,lo_top_Bid,44.97,44.96,44.98,44.94,0.0,0.0,0.0,0.0,8
168,60.96618758230317,co_top_Bid,44.97,44.96,44.98,44.94,0.0,0.0,0.0,0.0,8
169,60.96619393602813,lo_top_Bid,44.97,44.96,44.98,44.94,0.0,0.0,0.0,0.0,8
170,60.9662126869277,lo_top_Bid,44.97,44.96,44.98,44.94,0.0,0.0,0.0,0.0,8
171,60.96633645060577,co_top_Bid,44.97,44.96,44.98,44.94,0.0,0.0,0.0,0.0,8
172,60.96667736783495,lo_top_Bid,44.97,44.96,44.98,44.94,0.0,0.0,0.0,0.0,8
173,60.96688665635217,co_top_Ask,44.97,44.96,44.98,44.94,0.0,0.0,0.0,0.0,8
174,60.96694780512931,lo_top_Bid,44.97,44.96,44.98,44.94,0.0,0.0,0.0,0.0,8
175,60.967344466215664,lo_top_Bid,44.97,44.96,44.98,44.94,0.0,0.0,0.0,0.0,8
176,60.968117999476746,lo_top_Bid,44.97,44.96,44.98,44.94,0.0,0.0,0.0,0.0,8
177,60.96826292927779,co_deep_Bid,44.97,44.96,44.98,44.94,0.0,0.0,0.0,0.0,8
178,60.96826611382492,co_deep_Bid,44.97,44.96,44.98,44.94,0.0,0.0,0.0,0.0,8
179,60.96852870048195,co_deep_Bid,44.97,44.96,44.98,44.94,0.0,0.0,0.0,0.0,8
180,60.96854761683114,co_deep_Bid,44.97,44.96,44.98,44.94,0.0,0.0,0.0,0.0,8
181,60.96860594852205,co_deep_Bid,44.97,44.96,44.98,44.94,0.0,0.0,0.0,0.0,8
182,60.969050112055406,co_deep_Bid,44.97,44.96,44.98,44.94,0.0,0.0,0.0,0.0,8
183,60.969197367720085,lo_top_Bid,44.97,44.96,44.98,44.94,0.0,0.0,0.0,0.0,8
184,60.96919938621157,lo_top_Bid,44.97,44.96,44.98,44.94,0.0,0.0,0.0,0.0,8
185,60.970840413289444,lo_top_Bid,44.97,44.96,44.98,44.94,0.0,0.0,0.0,0.0,8
186,60.9720610698429,co_deep_Bid,44.97,44.96,44.98,44.94,0.0,0.0,0.0,0.0,8
187,60.972307417717,lo_deep_Bid,44.97,44.96,44.98,44.94,0.0,0.0,0.0,0.0,8
188,60.97237249430648,lo_deep_Bid,44.97,44.96,44.98,44.94,0.0,0.0,0.0,0.0,8
189,60.97239731096651,lo_deep_Bid,44.97,44.96,44.98,44.94,0.0,0.0,0.0,0.0,8
190,60.97297458596346,lo_deep_Bid,44.97,44.96,44.98,44.94,0.0,0.0,0.0,0.0,8
191,60.97332358853488,lo_top_Bid,44.97,44.96,44.98,44.94,0.0,0.0,0.0,0.0,8
192,60.97333357956663,lo_top_Bid,44.97,44.96,44.98,44.94,0.0,0.0,0.0,0.0,8
193,60.97335145897711,co_top_Bid,44.97,44.96,44.98,44.94,0.0,0.0,0.0,0.0,8
194,60.97354570350392,lo_top_Bid,44.97,44.96,44.98,44.94,0.0,0.0,0.0,0.0,8
195,60.97354615055505,co_top_Bid,44.97,44.96,44.98,44.94,0.0,0.0,0.0,0.0,8
196,60.97384616665398,lo_top_Bid,44.97,44.96,44.98,44.94,0.0,0.0,0.0,0.0,8
197,60.97386161525207,lo_top_Bid,44.97,44.96,44.98,44.94,0.0,0.0,0.0,0.0,8
198,60.97392524432295,lo_top_Bid,44.97,44.96,44.98,44.94,0.0,0.0,0.0,0.0,8
199,60.974410364562935,co_deep_Bid,44.97,44.96,44.98,44.94,0.0,0.0,0.0,0.0,8
200,60.97448922574427,co_deep_Bid,44.97,44.96,44.98,44.94,0.0,0.0,0.0,0.0,8
201,60.974564614148534,co_deep_Bid,44.97,44.96,44.98,44.94,0.0,0.0,0.0,0.0,8
202,60.974602651071066,lo_deep_Bid,44.97,44.96,44.98,44.94,0.0,0.0,0.0,0.0,8
203,60.976394828368754,lo_top_Bid,44.97,44.96,44.98,44.94,0.0,0.0,0.0,0.0,8
204,60.97696410781545,lo_top_Bid,44.97,44.96,44.98,44.94,0.0,0.0,0.0,0.0,8
205,60.97711288597107,co_top_Bid,44.97,44.96,44.98,44.94,0.0,0.0,0.0,0.0,8
206,60.977362982796734,co_deep_Bid,44.97,44.96,44.98,44.94,0.0,0.0,0.0,0.0,8
207,60.978225673536855,co_deep_Bid,44.97,44.96,44.98,44.94,0.0,0.0,0.0,0.0,8
208,60.978402410831926,lo_top_Bid,44.97,44.96,44.98,44.94,0.0,0.0,0.0,0.0,8
209,60.97848281569463,lo_top_Bid,44.97,44.96,44.98,44.94,0.0,0.0,0.0,0.0,8
210,60.978590736883476,co_deep_Bid,44.97,44.96,44.98,44.94,0.0,0.0,0.0,0.0,8
211,60.97873605839744,lo_top_Bid,44.97,44.96,44.98,44.94,0.0,0.0,0.0,0.0,8
212,60.97912609782546,co_deep_Bid,44.97,44.96,44.98,44.94,0.0,0.0,0.0,0.0,8
213,60.98052614501329,lo_top_Bid,44.97,44.96,44.98,44.94,0.0,0.0,0.0,0.0,8
214,60.980971737460195,co_deep_Bid,44.97,44.96,44.98,44.94,0.0,0.0,0.0,0.0,8
215,60.98097974385333,lo_top_Bid,44.97,44.96,44.98,44.94,0.0,0.0,0.0,0.0,8
216,60.981077642771,lo_top_Bid,44.97,44.96,44.98,44.94,0.0,0.0,0.0,0.0,8
217,60.98118471435996,lo_top_Bid,44.97,44.96,44.98,44.94,0.0,0.0,0.0,0.0,8
218,60.98119045699184,lo_top_Bid,44.97,44.96,44.98,44.94,0.0,0.0,0.0,0.0,8
219,60.98188775581305,lo_top_Bid,44.97,44.96,44.98,44.94,0.0,0.0,0.0,0.0,8
220,60.98203308415776,lo_top_Bid,44.97,44.96,44.98,44.94,0.0,0.0,0.0,0.0,8
221,60.982087571460475,co_top_Bid,44.97,44.96,44.98,44.94,0.0,0.0,0.0,0.0,8
222,60.982129679429285,lo_top_Bid,44.97,44.96,44.98,44.94,0.0,0.0,0.0,0.0,8
223,60.98213717003538,lo_top_Bid,44.97,44.96,44.98,44.94,0.0,0.0,0.0,0.0,8
224,60.982179989301564,lo_top_Bid,44.97,44.96,44.98,44.94,0.0,0.0,0.0,0.0,8
225,60.9822804314743,lo_top_Bid,44.97,44.96,44.98,44.94,0.0,0.0,0.0,0.0,8
226,60.98230892325558,co_top_Bid,44.97,44.96,44.98,44.94,0.0,0.0,0.0,0.0,8
227,60.98263414767679,co_top_Bid,44.97,44.96,44.98,44.94,0.0,0.0,0.0,0.0,8
228,60.982712603398475,lo_top_Bid,44.97,44.96,44.98,44.94,0.0,0.0,0.0,0.0,8
229,60.98281669277819,co_deep_Bid,44.97,44.96,44.98,44.94,0.0,0.0,0.0,0.0,8
230,60.98288196975788,co_deep_Bid,44.97,44.96,44.98,44.94,0.0,0.0,0.0,0.0,8
231,60.983009112919305,co_deep_Bid,44.97,44.96,44.98,44.94,0.0,0.0,0.0,0.0,8
232,60.98303723814366,lo_deep_Bid,44.97,44.96,44.98,44.94,0.0,0.0,0.0,0.0,8
233,60.98452737222694,co_deep_Bid,44.97,44.96,44.98,44.94,0.0,0.0,0.0,0.0,8
234,60.98457473870511,co_deep_Bid,44.97,44.96,44.98,44.94,0.0,0.0,0.0,0.0,8
235,60.98729465677288,co_deep_Bid,44.97,44.96,44.98,44.94,0.0,0.0,0.0,0.0,8
236,60.98733142275375,lo_top_Bid,44.97,44.96,44.98,44.94,0.0,0.0,0.0,0.0,8
237,60.99001811386396,lo_top_Bid,44.97,44.96,44.98,44.94,0.0,0.0,0.0,0.0,8
238,60.99020864698505,co_top_Bid,44.97,44.96,44.98,44.94,0.0,0.0,0.0,0.0,8
239,60.990220854747136,lo_top_Bid,44.97,44.96,44.98,44.94,0.0,0.0,0.0,0.0,8
240,60.990920432224115,co_top_Bid,44.97,44.96,44.98,44.94,0.0,0.0,0.0,0.0,8
241,60.991342295414974,lo_top_Bid,44.97,44.96,44.98,44.94,0.0,0.0,0.0,0.0,8
242,60.99143872021411,co_top_Bid,44.97,44.96,44.98,44.94,0.0,0.0,0.0,0.0,8
243,60.9914436187739,co_top_Bid,44.97,44.96,44.98,44.94,0.0,0.0,0.0,0.0,8
244,60.99216487594933,co_top_Bid,44.97,44.96,44.98,44.94,0.0,0.0,0.0,0.0,8
245,60.99221066762372,lo_top_Bid,44.97,44.96,44.98,44.94,0.0,0.0,0.0,0.0,8
246,60.99222425404574,lo_top_Bid,44.97,44.96,44.98,44.94,0.0,0.0,0.0,0.0,8
247,60.99225126453399,lo_top_Bid,44.97,44.96,44.98,44.94,0.0,0.0,0.0,0.0,8
248,60.99227004797814,co_top_Bid,44.97,44.96,44.98,44.94,0.0,0.0,0.0,0.0,8
249,60.99227758254566,co_deep_Bid,44.97,44.96,44.98,44.94,0.0,0.0,0.0,0.0,8
250,60.992365683159335,mo_Ask,44.97,44.96,44.98,44.94,0.0,0.0,0.0,0.0,8
251,60.99260968824924,mo_Ask,44.97,44.96,44.98,44.94,0.0,0.0,0.0,0.0,8
252,60.992614081175276,co_top_Bid,44.97,44.96,44.98,44.94,0.0,0.0,0.0,0.0,8
253,60.99360392168208,lo_top_Bid,44.97,44.96,44.98,44.94,0.0,0.0,0.0,0.0,8
254,60.99410526604795,co_deep_Bid,44.97,44.96,44.98,44.93,0.0,0.0,-0.00999999999999801,0.0,8
255,60.994152577380746,mo_Ask,44.97,44.96,44.98,44.93,0.0,0.0,0.0,0.0,8
256,60.99694471733593,co_deep_Bid,44.97,44.96,44.98,44.93,0.0,0.0,0.0,0.0,8
257,60.99710313768438,lo_deep_Bid,44.97,44.96,44.98,44.95,0.0,0.0,0.020000000000003126,0.0,8
258,60.99722731993195,lo_top_Bid,44.97,44.96,44.98,44.95,0.0,0.0,0.0,0.0,8
259,60.99725587824152,lo_deep_Ask,44.97,44.96,44.98,44.95,0.0,0.0,0.0,0.0,8
260,60.9973096145166,co_deep_Bid,44.97,44.96,44.98,44.94,0.0,0.0,-0.010000000000005116,0.0,8
261,60.997352794241394,lo_top_Bid,44.97,44.96,44.98,44.94,0.0,0.0,0.0,0.0,8
262,60.99772876777406,lo_deep_Bid,44.97,44.96,44.98,44.94,0.0,0.0,0.0,0.0,8
263,60.99853368939132,lo_top_Bid,44.97,44.96,44.98,44.94,0.0,0.0,0.0,0.0,8
264,60.99984382259505,co_deep_Bid,44.97,44.96,44.98,44.94,0.0,0.0,0.0,0.0,8
265,61.00258292308519,lo_top_Bid,44.97,44.96,44.98,44.94,0.0,0.0,0.0,0.0,8
266,61.00263615537638,co_top_Bid,44.97,44.96,44.98,44.94,0.0,0.0,0.0,0.0,8
267,61.00264909276655,co_top_Bid,44.97,44.96,44.98,44.94,0.0,0.0,0.0,0.0,8
268,61.002693031431484,lo_top_Bid,44.97,44.96,44.98,44.94,0.0,0.0,0.0,0.0,8
269,61.00426039337506,co_top_Bid,44.97,44.96,44.98,44.94,0.0,0.0,0.0,0.0,8
270,61.00426706836609,co_top_Bid,44.97,44.96,44.98,44.94,0.0,0.0,0.0,0.0,8
271,61.0044464989798,mo_Bid,44.97,44.96,44.98,44.94,0.0,0.0,0.0,0.0,8
272,61.004473715329254,mo_Bid,44.97,44.96,44.98,44.94,0.0,0.0,0.0,0.0,8
273,61.00453403721527,lo_top_Bid,44.97,44.96,44.98,44.94,0.0,0.0,0.0,0.0,8
274,61.00455072849351,mo_Bid,44.97,44.96,44.98,44.94,0.0,0.0,0.0,0.0,8
275,61.004568267885645,mo_Bid,44.97,44.96,44.98,44.94,0.0,0.0,0.0,0.0,8
276,61.077971219604855,lo_top_Bid,44.97,44.96,44.98,44.94,0.0,0.0,0.0,0.0,8
277,61.183498049344166,lo_top_Bid,44.97,44.96,44.98,44.94,0.0,0.0,0.0,0.0,8
278,61.183726723939074,lo_top_Bid,44.97,44.96,44.98,44.94,0.0,0.0,0.0,0.0,8
279,65.2079155121044,mo_Ask,44.97,44.96,44.98,44.94,0.0,0.0,0.0,0.0,8
280,65.2080645251005,mo_Ask,44.97,44.96,44.98,44.94,0.0,0.0,0.0,0.0,8
281,65.33410928996244,lo_deep_Bid,44.97,44.96,44.98,44.94,0.0,0.0,0.0,0.0,8
282,68.53126309693344,mo_Ask,44.97,44.96,44.98,44.94,0.0,0.0,0.0,0.0,8
283,68.53131722341031,mo_Ask,44.97,44.96,44.98,44.94,0.0,0.0,0.0,0.0,8
284,68.5314258398674,mo_Bid,44.97,44.96,44.98,44.94,0.0,0.0,0.0,0.0,8
285,68.53195938708333,mo_Bid,44.97,44.96,44.98,44.94,0.0,0.0,0.0,0.0,8
286,68.53229662910319,mo_Ask,44.97,44.96,44.98,44.94,0.0,0.0,0.0,0.0,8
287,68.53313666891927,mo_Bid,44.97,44.96,44.98,44.94,0.0,0.0,0.0,0.0,8
288,68.53370453193214,mo_Bid,44.97,44.96,44.98,44.94,0.0,0.0,0.0,0.0,8
289,68.53374991663974,mo_Bid,44.97,44.96,44.98,44.94,0.0,0.0,0.0,0.0,8
290,68.53382945472887,mo_Bid,44.97,44.96,44.98,44.94,0.0,0.0,0.0,0.0,8
291,68.5339943766864,mo_Bid,44.97,44.96,44.98,44.94,0.0,0.0,0.0,0.0,8
292,68.53400560840909,mo_Bid,44.97,44.96,44.98,44.94,0.0,0.0,0.0,0.0,8
293,68.53432245065862,lo_top_Bid,44.97,44.96,44.98,44.94,0.0,0.0,0.0,0.0,8
294,68.5343991530938,co_deep_Bid,44.97,44.96,44.98,44.94,0.0,0.0,0.0,0.0,8
295,68.53471456569012,lo_top_Bid,44.97,44.96,44.98,44.94,0.0,0.0,0.0,0.0,8
296,68.5347308122406,co_deep_Bid,44.97,44.96,44.98,44.94,0.0,0.0,0.0,0.0,8
297,68.541857523999,lo_top_Bid,44.97,44.96,44.98,44.94,0.0,0.0,0.0,0.0,8
298,68.93148758516843,lo_deep_Ask,44.97,44.96,44.98,44.94,0.0,0.0,0.0,0.0,8
299,69.45150290101,co_deep_Ask,44.97,44.96,44.98,44.94,0.0,0.0,0.0,0.0,8
300,69.45190508583,co_deep_Ask,44.97,44.96,44.98,44.94,0.0,0.0,0.0,0.0,8
301,69.45395520049165,mo_Ask,44.97,44.96,44.98,44.94,0.0,0.0,0.0,0.0,8
302,69.4544631339082,mo_Ask,44.97,44.96,44.98,44.94,0.0,0.0,0.0,0.0,8
303,69.45663933270268,mo_Ask,44.97,44.96,44.98,44.94,0.0,0.0,0.0,0.0,8
304,71.54580117034234,mo_Bid,44.97,44.96,44.98,44.94,0.0,0.0,0.0,0.0,8
305,73.40015599980498,co_deep_Ask,44.97,44.96,44.98,44.94,0.0,0.0,0.0,0.0,8
306,74.8897907447453,co_deep_Ask,44.97,44.96,44.98,44.94,0.0,0.0,0.0,0.0,8
307,74.8898123324167,co_deep_Ask,44.97,44.96,44.98,44.94,0.0,0.0,0.0,0.0,8
308,74.8900813486324,co_deep_Ask,44.97,44.96,44.98,44.94,0.0,0.0,0.0,0.0,8
309,74.89021688546035,lo_deep_Ask,44.97,44.96,44.98,44.94,0.0,0.0,0.0,0.0,8
310,74.89031476926395,co_deep_Ask,44.97,44.96,44.98,44.94,0.0,0.0,0.0,0.0,8
311,84.89714875034085,mo_Ask,44.97,44.96,44.98,44.94,0.0,0.0,0.0,0.0,8
312,84.89736505712365,mo_Ask,44.97,44.96,44.98,44.94,0.0,0.0,0.0,0.0,8
313,85.83334014208484,lo_deep_Bid,44.97,44.96,44.98,44.94,0.0,0.0,0.0,0.0,8
314,85.83494278898932,mo_Bid,44.97,44.96,44.98,44.94,0.0,0.0,0.0,0.0,8
315,85.83494629912282,mo_Bid,44.97,44.96,44.98,44.94,0.0,0.0,0.0,0.0,8
316,85.83500842575278,lo_top_Bid,44.97,44.96,44.98,44.94,0.0,0.0,0.0,0.0,8
317,85.83502723759477,lo_top_Bid,44.97,44.96,44.98,44.94,0.0,0.0,0.0,0.0,8
318,85.83551746735995,lo_top_Bid,44.97,44.96,44.98,44.94,0.0,0.0,0.0,0.0,8
319,85.83603486218827,co_top_Bid,44.97,44.96,44.98,44.94,0.0,0.0,0.0,0.0,8
320,87.69950570254882,co_deep_Bid,44.97,44.96,44.98,44.94,0.0,0.0,0.0,0.0,8
321,87.70001691178035,co_deep_Bid,44.97,44.96,44.98,44.94,0.0,0.0,0.0,0.0,8
322,87.70003294721037,co_deep_Bid,44.97,44.96,44.98,44.94,0.0,0.0,0.0,0.0,8
323,87.70007878108436,co_deep_Bid,44.97,44.96,44.98,44.94,0.0,0.0,0.0,0.0,8
324,87.70008154535635,co_deep_Bid,44.97,44.96,44.98,44.94,0.0,0.0,0.0,0.0,8
325,87.70016555430024,co_deep_Bid,44.97,44.96,44.98,44.94,0.0,0.0,0.0,0.0,8
326,87.70018491182256,co_deep_Bid,44.97,44.96,44.98,44.94,0.0,0.0,0.0,0.0,8
327,87.70020571670793,lo_top_Bid,44.97,44.96,44.98,44.94,0.0,0.0,0.0,0.0,8
328,87.70038568001252,lo_deep_Bid,44.97,44.96,44.98,44.94,0.0,0.0,0.0,0.0,8
329,87.70041912874396,co_deep_Bid,44.97,44.96,44.98,44.94,0.0,0.0,0.0,0.0,8
330,87.70074544019256,co_deep_Bid,44.97,44.96,44.98,44.94,0.0,0.0,0.0,0.0,8
331,87.70117236852103,lo_deep_Bid,44.97,44.96,44.98,44.94,0.0,0.0,0.0,0.0,8
332,87.70121678518278,lo_deep_Bid,44.97,44.96,44.98,44.94,0.0,0.0,0.0,0.0,8
333,87.7012679241921,lo_deep_Bid,44.97,44.96,44.98,44.94,0.0,0.0,0.0,0.0,8
334,87.70226357193822,lo_top_Bid,44.97,44.96,44.98,44.94,0.0,0.0,0.0,0.0,8
335,87.70230292149388,lo_top_Bid,44.97,44.96,44.98,44.94,0.0,0.0,0.0,0.0,8
336,87.70248121474256,lo_top_Bid,44.97,44.96,44.98,44.94,0.0,0.0,0.0,0.0,8
337,87.7025008379409,co_deep_Bid,44.97,44.96,44.98,44.94,0.0,0.0,0.0,0.0,8
338,87.70258472484905,co_deep_Bid,44.97,44.96,44.98,44.94,0.0,0.0,0.0,0.0,8
339,87.70264914546784,co_top_Bid,44.97,44.96,44.98,44.94,0.0,0.0,0.0,0.0,8
340,87.70268703106585,lo_top_Bid,44.97,44.96,44.98,44.94,0.0,0.0,0.0,0.0,8
341,87.70284797731476,lo_top_Bid,44.97,44.96,44.98,44.94,0.0,0.0,0.0,0.0,8
342,87.70286867873938,lo_top_Bid,44.97,44.96,44.98,44.94,0.0,0.0,0.0,0.0,8
343,87.70306672377978,co_deep_Bid,44.97,44.96,44.98,44.94,0.0,0.0,0.0,0.0,8
344,87.70362630344333,lo_top_Bid,44.97,44.96,44.98,44.94,0.0,0.0,0.0,0.0,8
345,87.70378017045448,co_deep_Bid,44.97,44.96,44.98,44.94,0.0,0.0,0.0,0.0,8
346,87.7038245160294,co_deep_Bid,44.97,44.96,44.98,44.94,0.0,0.0,0.0,0.0,8
347,87.70530488165974,lo_top_Bid,44.97,44.96,44.98,44.94,0.0,0.0,0.0,0.0,8
348,87.70552494880371,co_top_Bid,44.97,44.96,44.98,44.94,0.0,0.0,0.0,0.0,8
349,87.70560957402871,lo_top_Bid,44.97,44.96,44.98,44.94,0.0,0.0,0.0,0.0,8
350,87.70626525189004,lo_top_Bid,44.97,44.96,44.98,44.94,0.0,0.0,0.0,0.0,8
351,87.7062856128862,co_top_Bid,44.97,44.96,44.98,44.94,0.0,0.0,0.0,0.0,8
352,87.70629116046668,co_top_Bid,44.97,44.96,44.98,44.94,0.0,0.0,0.0,0.0,8
353,87.70629338485588,co_top_Bid,44.97,44.96,44.98,44.94,0.0,0.0,0.0,0.0,8
354,87.70639111342173,lo_top_Bid,44.97,44.96,44.98,44.94,0.0,0.0,0.0,0.0,8
355,87.70713703919736,co_deep_Bid,44.97,44.96,44.98,44.94,0.0,0.0,0.0,0.0,8
356,87.70730300793714,lo_top_Bid,44.97,44.96,44.98,44.94,0.0,0.0,0.0,0.0,8
357,87.7074045826549,co_top_Bid,44.97,44.96,44.98,44.94,0.0,0.0,0.0,0.0,8
358,87.70748544449202,mo_Bid,44.97,44.96,44.98,44.94,0.0,0.0,0.0,0.0,8
359,87.71400516927932,lo_top_Bid,44.97,44.96,44.98,44.94,0.0,0.0,0.0,0.0,8
360,87.7141316979935,lo_top_Bid,44.97,44.96,44.98,44.94,0.0,0.0,0.0,0.0,8
361,87.7143880574874,lo_top_Bid,44.97,44.96,44.98,44.94,0.0,0.0,0.0,0.0,8
362,87.7159033098621,lo_top_Bid,44.97,44.96,44.98,44.94,0.0,0.0,0.0,0.0,8
363,87.71736440216382,co_deep_Bid,44.97,44.96,44.98,44.94,0.0,0.0,0.0,0.0,8
364,87.72064661821845,lo_top_Bid,44.97,44.96,44.98,44.94,0.0,0.0,0.0,0.0,8
365,87.72079665723663,lo_top_Bid,44.97,44.96,44.98,44.94,0.0,0.0,0.0,0.0,8
366,87.72094356042639,co_top_Bid,44.97,44.96,44.98,44.94,0.0,0.0,0.0,0.0,8
367,87.72099709080042,co_top_Bid,44.97,44.96,44.98,44.94,0.0,0.0,0.0,0.0,8
368,87.72102001669279,co_top_Bid,44.97,44.96,44.98,44.94,0.0,0.0,0.0,0.0,8
369,87.72111626171343,lo_top_Bid,44.97,44.96,44.98,44.94,0.0,0.0,0.0,0.0,8
370,87.72154860075273,co_top_Bid,44.97,44.96,44.98,44.94,0.0,0.0,0.0,0.0,8
371,87.7217694416984,co_top_Bid,44.97,44.96,44.98,44.94,0.0,0.0,0.0,0.0,8
372,87.72308427432006,lo_top_Bid,44.97,44.96,44.98,44.94,0.0,0.0,0.0,0.0,8
373,87.72363104651936,co_deep_Bid,44.97,44.96,44.98,44.94,0.0,0.0,0.0,0.0,8
374,87.72368626386702,co_deep_Bid,44.97,44.96,44.98,44.94,0.0,0.0,0.0,0.0,8
375,87.7239179791894,lo_deep_Bid,44.97,44.96,44.98,44.94,0.0,0.0,0.0,0.0,8
376,87.72578565366662,lo_deep_Bid,44.97,44.96,44.98,44.94,0.0,0.0,0.0,0.0,8
377,87.72696984397703,lo_top_Bid,44.97,44.96,44.98,44.94,0.0,0.0,0.0,0.0,8
378,87.72761451976938,lo_top_Bid,44.97,44.96,44.98,44.94,0.0,0.0,0.0,0.0,8
379,87.73015866126376,lo_top_Bid,44.97,44.96,44.98,44.94,0.0,0.0,0.0,0.0,8
380,87.73028279593841,lo_top_Bid,44.97,44.96,44.98,44.94,0.0,0.0,0.0,0.0,8
381,87.74555297963575,co_deep_Bid,44.97,44.96,44.98,44.94,0.0,0.0,0.0,0.0,8
382,87.74572017836472,co_deep_Bid,44.97,44.96,44.98,44.94,0.0,0.0,0.0,0.0,8
383,87.74590614811137,lo_top_Bid,44.97,44.96,44.98,44.94,0.0,0.0,0.0,0.0,8
384,87.79522449107924,lo_top_Bid,44.97,44.96,44.98,44.94,0.0,0.0,0.0,0.0,8
385,88.46020535681944,lo_top_Bid,44.97,44.96,44.98,44.94,0.0,0.0,0.0,0.0,8
386,88.4629010437691,lo_top_Bid,44.97,44.96,44.98,44.94,0.0,0.0,0.0,0.0,8
387,88.46313675352378,co_deep_Bid,44.97,44.96,44.98,44.94,0.0,0.0,0.0,0.0,8
388,88.46399478995619,lo_top_Bid,44.97,44.96,44.98,44.94,0.0,0.0,0.0,0.0,8
389,88.46434152903849,co_top_Bid,44.97,44.96,44.98,44.94,0.0,0.0,0.0,0.0,8
390,88.46437333629127,co_top_Bid,44.97,44.96,44.98,44.94,0.0,0.0,0.0,0.0,8
391,88.46448867810419,co_top_Bid,44.97,44.96,44.98,44.94,0.0,0.0,0.0,0.0,8
392,88.46449290929162,mo_Bid,44.97,44.96,44.98,44.94,0.0,0.0,0.0,0.0,8
393,88.46450822312933,lo_top_Bid,44.97,44.96,44.98,44.94,0.0,0.0,0.0,0.0,8
394,88.46457952183417,co_top_Bid,44.97,44.96,44.98,44.94,0.0,0.0,0.0,0.0,8
395,88.46463984933408,mo_Bid,44.97,44.96,44.98,44.94,0.0,0.0,0.0,0.0,8
396,88.46470391093058,lo_top_Bid,44.97,44.96,44.98,44.94,0.0,0.0,0.0,0.0,8
397,88.46479829192609,mo_Bid,44.97,44.96,44.98,44.94,0.0,0.0,0.0,0.0,8
398,88.46536863991258,lo_top_Bid,44.97,44.96,44.98,44.94,0.0,0.0,0.0,0.0,8
399,88.46541793967403,co_top_Bid,44.97,44.96,44.98,44.94,0.0,0.0,0.0,0.0,8
400,88.46543746274241,mo_Bid,44.97,44.96,44.98,44.94,0.0,0.0,0.0,0.0,8
401,88.46546425583989,co_top_Bid,44.97,44.96,44.98,44.94,0.0,0.0,0.0,0.0,8
402,88.46551184534916,mo_Bid,44.97,44.96,44.98,44.94,0.0,0.0,0.0,0.0,8
403,88.46554592922791,mo_Bid,44.97,44.96,44.98,44.94,0.0,0.0,0.0,0.0,8
404,88.46555009504615,co_top_Bid,44.97,44.96,44.98,44.94,0.0,0.0,0.0,0.0,8
405,88.46564062031914,mo_Bid,44.97,44.96,44.98,44.94,0.0,0.0,0.0,0.0,8
406,88.46564665622269,lo_top_Bid,44.97,44.96,44.98,44.94,0.0,0.0,0.0,0.0,8
407,88.46579579755247,co_top_Bid,44.97,44.96,44.98,44.94,0.0,0.0,0.0,0.0,8
408,88.46580632804788,lo_top_Bid,44.97,44.96,44.98,44.94,0.0,0.0,0.0,0.0,8
409,88.46582258988587,co_top_Bid,44.97,44.96,44.98,44.94,0.0,0.0,0.0,0.0,8
410,88.46598176314866,lo_top_Bid,44.97,44.96,44.98,44.94,0.0,0.0,0.0,0.0,8
411,88.46681537786043,mo_Bid,44.97,44.96,44.98,44.94,0.0,0.0,0.0,0.0,8
412,88.46701505461452,mo_Bid,44.97,44.96,44.98,44.94,0.0,0.0,0.0,0.0,8
413,88.46718054778918,lo_top_Bid,44.97,44.96,44.98,44.94,0.0,0.0,0.0,0.0,8
414,88.46980222749619,co_top_Bid,44.97,44.96,44.98,44.94,0.0,0.0,0.0,0.0,8
415,88.46981454457834,mo_Ask,44.97,44.96,44.98,44.94,0.0,0.0,0.0,0.0,8
416,88.47293327686624,mo_Bid,44.97,44.96,44.98,44.94,0.0,0.0,0.0,0.0,8
417,88.47331435746838,lo_top_Bid,44.97,44.96,44.98,44.94,0.0,0.0,0.0,0.0,8
418,88.47405450542861,lo_top_Bid,44.97,44.96,44.98,44.94,0.0,0.0,0.0,0.0,8
419,88.4740610054802,co_deep_Bid,44.97,44.96,44.98,44.94,0.0,0.0,0.0,0.0,8
420,88.47719587205938,mo_Bid,44.97,44.96,44.98,44.94,0.0,0.0,0.0,0.0,8
421,88.6956538379571,lo_top_Bid,44.97,44.96,44.98,44.94,0.0,0.0,0.0,0.0,8
422,88.69637987805713,lo_top_Bid,44.97,44.96,44.98,44.94,0.0,0.0,0.0,0.0,8
423,88.69775412256176,lo_top_Bid,44.97,44.96,44.98,44.94,0.0,0.0,0.0,0.0,8
424,93.01192021182553,mo_Ask,44.97,44.96,44.98,44.94,0.0,0.0,0.0,0.0,8
425,93.01348750216839,mo_Bid,44.97,44.96,44.98,44.94,0.0,0.0,0.0,0.0,8
426,93.0271261439012,mo_Bid,44.97,44.96,44.98,44.94,0.0,0.0,0.0,0.0,8
427,93.02736709274676,mo_Bid,44.97,44.96,44.98,44.94,0.0,0.0,0.0,0.0,8
428,93.02741693249317,mo_Bid,44.97,44.96,44.98,44.94,0.0,0.0,0.0,0.0,8
429,93.02755137379226,mo_Bid,44.97,44.96,44.98,44.94,0.0,0.0,0.0,0.0,8
430,93.02794254712208,lo_deep_Ask,44.97,44.96,44.98,44.94,0.0,0.0,0.0,0.0,8
431,96.09191494463644,mo_Ask,44.97,44.96,44.98,44.94,0.0,0.0,0.0,0.0,8
432,96.09193322541846,mo_Ask,44.97,44.96,44.98,44.94,0.0,0.0,0.0,0.0,8
433,96.09196354771817,mo_Ask,44.97,44.96,44.98,44.94,0.0,0.0,0.0,0.0,8
434,96.09206800404345,mo_Ask,44.97,44.96,44.98,44.94,0.0,0.0,0.0,0.0,8
435,97.64018654814414,co_deep_Ask,44.97,44.96,44.98,44.94,0.0,0.0,0.0,0.0,8
436,97.64018855637968,co_deep_Ask,44.97,44.96,44.98,44.94,0.0,0.0,0.0,0.0,8
437,97.64020952834979,lo_deep_Ask,44.97,44.96,44.98,44.94,0.0,0.0,0.0,0.0,8
438,97.64024835444671,co_deep_Ask,44.97,44.96,44.98,44.94,0.0,0.0,0.0,0.0,8
439,97.64032354034384,lo_deep_Ask,44.97,44.96,44.98,44.94,0.0,0.0,0.0,0.0,8
440,97.64034164232636,lo_deep_Ask,44.97,44.96,44.98,44.94,0.0,0.0,0.0,0.0,8
441,97.64070831473092,lo_deep_Ask,44.97,44.96,44.98,44.94,0.0,0.0,0.0,0.0,8
442,97.64114693478207,mo_Ask,44.97,44.96,44.98,44.94,0.0,0.0,0.0,0.0,8
443,97.64119777195779,lo_deep_Ask,44.97,44.96,44.98,44.94,0.0,0.0,0.0,0.0,8
444,97.6418396785929,co_deep_Ask,44.97,44.96,44.98,44.94,0.0,0.0,0.0,0.0,8
445,97.65224195964066,lo_deep_Ask,44.97,44.96,44.98,44.94,0.0,0.0,0.0,0.0,8
446,97.94984243121309,co_deep_Bid,44.97,44.96,44.98,44.94,0.0,0.0,0.0,0.0,8
447,97.95301091294138,lo_top_Bid,44.97,44.96,44.98,44.94,0.0,0.0,0.0,0.0,8
448,97.95304010505971,co_top_Bid,44.97,44.96,44.98,44.94,0.0,0.0,0.0,0.0,8
449,97.9530697303915,lo_top_Bid,44.97,44.96,44.98,44.94,0.0,0.0,0.0,0.0,8
450,97.95307951279116,lo_top_Bid,44.97,44.96,44.98,44.94,0.0,0.0,0.0,0.0,8
451,97.95310096111088,co_deep_Bid,44.97,44.96,44.98,44.94,0.0,0.0,0.0,0.0,8
452,97.95347474666325,lo_top_Bid,44.97,44.96,44.98,44.94,0.0,0.0,0.0,0.0,8
453,97.95397997390995,lo_top_Bid,44.97,44.96,44.98,44.94,0.0,0.0,0.0,0.0,8
454,97.9543882555179,lo_top_Bid,44.97,44.96,44.98,44.94,0.0,0.0,0.0,0.0,8
455,97.95547483940538,co_deep_Bid,44.97,44.96,44.98,44.94,0.0,0.0,0.0,0.0,8
456,97.95614587183267,lo_top_Bid,44.97,44.96,44.98,44.94,0.0,0.0,0.0,0.0,8
457,97.95954799101153,lo_top_Bid,44.97,44.96,44.98,44.94,0.0,0.0,0.0,0.0,8
458,97.95959253360735,co_deep_Bid,44.97,44.96,44.98,44.93,0.0,0.0,-0.00999999999999801,0.0,8
459,97.9668353514674,lo_top_Bid,44.97,44.96,44.98,44.93,0.0,0.0,0.0,0.0,8
460,98.02654744718431,lo_deep_Ask,44.97,44.96,44.98,44.93,0.0,0.0,0.0,0.0,8
461,98.02667169756525,lo_deep_Ask,44.97,44.96,44.98,44.93,0.0,0.0,0.0,0.0,8
462,98.02698971785694,lo_deep_Ask,44.97,44.96,44.98,44.93,0.0,0.0,0.0,0.0,8
463,98.02699700752787,lo_deep_Ask,44.97,44.96,44.98,44.93,0.0,0.0,0.0,0.0,8
464,98.02761280496293,co_top_Ask,44.97,44.96,44.98,44.93,0.0,0.0,0.0,0.0,8
465,98.02778222625571,mo_Bid,44.97,44.96,44.98,44.93,0.0,0.0,0.0,0.0,8
466,98.02799752764416,mo_Bid,44.97,44.96,44.98,44.93,0.0,0.0,0.0,0.0,8
467,98.03295485698467,mo_Bid,44.97,44.96,44.98,44.93,0.0,0.0,0.0,0.0,8
468,98.03324804774797,mo_Bid,44.97,44.96,44.98,44.93,0.0,0.0,0.0,0.0,8
469,98.03381120910385,mo_Bid,44.97,44.96,44.98,44.93,0.0,0.0,0.0,0.0,8
470,99.7754089029085,lo_top_Bid,44.97,44.96,44.98,44.93,0.0,0.0,0.0,0.0,8
471,99.77564020171974,co_deep_Bid,44.97,44.96,44.98,44.93,0.0,0.0,0.0,0.0,8
472,99.77579295730578,lo_top_Bid,44.97,44.96,44.98,44.93,0.0,0.0,0.0,0.0,8
473,99.77660260663983,co_top_Bid,44.97,44.96,44.98,44.93,0.0,0.0,0.0,0.0,8
474,99.77664944599454,lo_top_Bid,44.97,44.96,44.98,44.93,0.0,0.0,0.0,0.0,8
475,99.78100372152133,lo_top_Bid,44.97,44.96,44.98,44.93,0.0,0.0,0.0,0.0,8
476,99.78103932333215,lo_top_Bid,44.97,44.96,44.98,44.93,0.0,0.0,0.0,0.0,8
477,100.24300683953585,co_deep_Ask,44.97,44.96,44.98,44.93,0.0,0.0,0.0,0.0,8
